Instance{name=egl-s2-A, vehicles=14, capacity=235, required edges=147, OPT=9875}
(11, 12)	(12, 13)	(16, 13)	(14, 13)	(19, 10)	(9, 8)	(8, 6)	(6, 5)	(8, 11)	(60, 59)	
(69, 70)	(58, 59)	(59, 61)	(61, 49)	(49, 48)	(48, 50)	(50, 51)	(52, 53)	(53, 140)	(140, 55)	(55, 56)	(65, 64)	(63, 93)	
(112, 110)	(110, 111)	(110, 107)	(106, 105)	(105, 104)	(104, 102)	(100, 99)	(99, 97)	(97, 98)	(97, 96)	(96, 95)	(96, 99)	(103, 113)	
(116, 117)	(117, 2)	(117, 118)	(118, 114)	(116, 1)	
(43, 44)	(44, 45)	(45, 60)	(60, 61)	(49, 140)	(140, 54)	(54, 55)	(56, 57)	(62, 66)	
(43, 37)	(37, 35)	(36, 35)	(35, 34)	(34, 139)	(33, 11)	(34, 45)	(44, 73)	(74, 72)	(67, 68)	
(11, 27)	(27, 28)	(28, 30)	(30, 32)	(30, 31)	(26, 25)	(25, 24)	(24, 20)	(33, 139)	
(114, 113)	(113, 112)	(112, 107)	(107, 106)	(106, 108)	(108, 109)	(108, 107)	
(127, 129)	(129, 128)	(3, 128)	(128, 127)	(127, 126)	(126, 131)	(131, 138)	(138, 125)	(119, 117)	
(80, 81)	(47, 41)	(41, 38)	(38, 39)	(39, 40)	(40, 41)	(38, 36)	(36, 37)	(37, 42)	(83, 84)	
(89, 92)	(92, 82)	(82, 80)	(80, 79)	(79, 78)	(76, 74)	(74, 73)	(73, 72)	(72, 71)	(71, 70)	(70, 58)	(58, 57)	(57, 62)	(62, 63)	(63, 64)	(64, 93)	
(12, 20)	(22, 20)	(20, 21)	(23, 24)	(25, 27)	(28, 29)	(29, 33)	
(138, 136)	(136, 137)	(136, 134)	(134, 135)	(135, 133)	(134, 133)	(133, 132)	(132, 131)	(130, 126)	(126, 124)	(4, 124)	
(66, 67)	(67, 69)	(69, 71)	(75, 76)	(76, 77)	(46, 43)	(43, 42)	(42, 47)	(47, 46)	(46, 77)	(77, 78)	(79, 81)	(81, 83)	(83, 82)	(82, 84)	(84, 85)	(85, 86)	(86, 87)	
NEW BKS: 9868.0

Instance{name=egl-s4-B, vehicles=27, capacity=160, required edges=190, OPT=16214}
156	(112, 110)	(111, 110)	(110, 107)	(107, 108)	(108, 109)	
153	(116, 115)	(115, 114)	(114, 118)	(118, 117)	
160	(25, 26)	(31, 26)	(26, 23)	(23, 24)	(25, 27)	(28, 29)	
147	(117, 119)	(123, 125)	(125, 138)	(138, 131)	(122, 121)	(121, 120)	
159	(43, 42)	(47, 42)	(42, 37)	(37, 35)	(38, 41)	(41, 47)	(47, 46)	
160	(119, 120)	(126, 131)	(131, 132)	(132, 133)	(133, 134)	(133, 135)	(135, 134)	(134, 136)	(137, 136)	(136, 138)	
73	(116, 117)	(2, 117)	(117, 115)	(116, 1)	
158	(59, 60)	(139, 33)	(13, 17)	(17, 18)	(18, 19)	(19, 10)	(10, 9)	(10, 15)	(15, 16)	(16, 13)	(14, 13)	(13, 12)	(34, 45)	
160	(101, 94)	(55, 140)	(140, 53)	(53, 52)	(52, 51)	(51, 50)	(50, 48)	(49, 140)	(140, 54)	(54, 55)	(55, 56)	
158	(127, 129)	(129, 128)	(128, 3)	(128, 127)	(127, 126)	(126, 130)	(126, 124)	
156	(122, 87)	(87, 86)	(86, 88)	(88, 90)	(90, 91)	(91, 103)	(103, 113)	(113, 114)	
160	(120, 123)	(4, 124)	(124, 123)	(123, 122)	(121, 118)	
160	(66, 67)	(71, 70)	(70, 58)	(58, 57)	(57, 62)	(62, 63)	(64, 63)	(63, 93)	(93, 94)	(105, 106)	
159	(113, 112)	(112, 107)	(108, 106)	(105, 104)	(104, 102)	(102, 103)	(91, 118)	
159	(66, 62)	(57, 56)	(56, 65)	(65, 64)	(64, 93)	
160	(43, 37)	(37, 36)	(38, 39)	(39, 40)	(40, 41)	(38, 36)	(36, 35)	(35, 34)	
159	(28, 30)	(30, 31)	(23, 21)	(21, 20)	
160	(69, 70)	(59, 61)	(61, 49)	(49, 48)	(48, 139)	(139, 34)	
159	(91, 66)	(66, 101)	(100, 94)	(101, 102)	(106, 107)	
158	(92, 82)	(80, 79)	(79, 78)	(77, 76)	(76, 75)	(75, 71)	(71, 69)	(67, 68)	
160	(17, 15)	(9, 8)	(7, 6)	(5, 6)	(6, 8)	(8, 11)	(43, 46)	
157	(94, 95)	(95, 96)	(99, 97)	(97, 98)	(97, 96)	(96, 99)	(99, 100)	
160	(90, 68)	(71, 72)	(72, 73)	(73, 74)	(74, 76)	(77, 78)	(79, 81)	(83, 82)	
159	(43, 44)	(25, 24)	(24, 20)	(20, 22)	(20, 12)	(12, 11)	(46, 77)	
160	(33, 11)	(11, 27)	(27, 28)	(30, 32)	(29, 33)	
157	(86, 85)	(85, 84)	(84, 83)	(83, 81)	(81, 80)	(80, 82)	(82, 84)	(84, 92)	(92, 89)	(89, 88)	
159	(67, 69)	(58, 59)	(61, 60)	(60, 45)	(45, 44)	(44, 73)	(74, 72)	
NEW BKS: 16213.0

Instance{name=egl-g1-A, vehicles=20, capacity=28600, required edges=347, OPT=991176}
(39, 40)	(40, 77)	(76, 78)	(78, 79)	(78, 80)	(80, 81)	(81, 82)	(83, 91)	(91, 99)	(99, 112)	(99, 98)	(98, 127)	(127, 126)	(150, 255)	
(42, 55)	(55, 53)	(53, 56)	(56, 57)	(57, 61)	(61, 62)	(62, 63)	(63, 70)	(69, 68)	(95, 3)	(3, 96)	(96, 100)	(100, 131)	(131, 130)	(130, 129)	(129, 128)	(128, 139)	(140, 141)	
(75, 73)	(73, 72)	(72, 81)	(80, 84)	(84, 87)	(87, 101)	(101, 102)	(101, 112)	(112, 113)	(113, 114)	(114, 104)	(104, 105)	(105, 106)	(118, 117)	(117, 121)	(121, 122)	(7, 6)	
(7, 255)	(255, 233)	(232, 231)	(229, 223)	(228, 227)	(227, 223)	(223, 225)	(225, 224)	(224, 226)	(222, 247)	(247, 250)	(250, 229)	(232, 234)	(234, 233)	
(126, 125)	(116, 115)	(115, 113)	(114, 111)	(103, 102)	(102, 111)	(111, 103)	(103, 104)	(105, 107)	(108, 107)	(107, 109)	(110, 109)	(109, 108)	(108, 106)	(106, 118)	(118, 119)	(119, 117)	(121, 155)	(155, 152)	(152, 151)	
(255, 171)	(172, 173)	(172, 171)	(171, 170)	(170, 174)	(183, 179)	(179, 178)	(178, 166)	(166, 175)	(175, 177)	(177, 180)	(180, 181)	(181, 177)	(177, 176)	(175, 176)	(176, 168)	(168, 167)	(168, 163)	(163, 157)	
(216, 219)	(219, 220)	(219, 218)	(212, 207)	(207, 208)	(209, 210)	(210, 211)	(210, 212)	(217, 216)	(216, 214)	(229, 231)	
(170, 120)	(162, 163)	(163, 167)	(167, 166)	(166, 165)	(165, 164)	(169, 164)	(164, 161)	(161, 159)	(158, 160)	(160, 159)	(159, 158)	(158, 154)	(153, 152)	(152, 125)	
(5, 16)	(18, 19)	(26, 27)	(27, 28)	(27, 29)	(29, 9)	(9, 10)	(10, 11)	(11, 33)	(33, 36)	(36, 35)	(36, 12)	(12, 13)	(13, 14)	(14, 44)	(44, 37)	(37, 35)	(35, 34)	(34, 32)	(32, 33)	(33, 30)	(30, 31)	(31, 29)	(29, 28)	(28, 23)	(23, 22)	(22, 20)	
(150, 125)	(125, 124)	(124, 123)	(123, 116)	(116, 117)	(119, 120)	(120, 162)	(162, 156)	(156, 157)	(157, 154)	(154, 153)	(153, 151)	(151, 150)	
(1, 5)	(5, 6)	(6, 18)	(18, 17)	(17, 16)	(16, 20)	(20, 21)	(21, 26)	(26, 8)	(8, 7)	(7, 19)	(19, 21)	(21, 23)	(23, 24)	(22, 24)	(24, 25)	
(250, 249)	(249, 240)	(249, 248)	(248, 247)	(247, 246)	(246, 245)	(245, 243)	(243, 242)	(242, 192)	(193, 238)	(238, 239)	(239, 235)	(235, 230)	(230, 229)	(232, 233)	
(8, 9)	(10, 30)	(31, 32)	(34, 41)	(43, 42)	(55, 54)	(54, 53)	(56, 58)	(52, 51)	(51, 50)	(50, 4)	(4, 48)	(48, 46)	(47, 46)	(49, 50)	(51, 60)	(60, 59)	(59, 58)	(58, 57)	(62, 74)	(75, 42)	(42, 39)	
(77, 76)	(76, 75)	(75, 74)	(74, 73)	(72, 71)	(71, 69)	(69, 70)	(70, 71)	(71, 82)	(82, 83)	(83, 84)	(84, 85)	(85, 86)	(87, 86)	(86, 88)	(88, 89)	(89, 90)	(89, 255)	
(150, 141)	(142, 140)	(140, 139)	(139, 138)	(130, 137)	(146, 136)	(136, 135)	(135, 133)	(133, 134)	(133, 132)	(132, 131)	(132, 100)	(2, 100)	(96, 97)	(98, 97)	(97, 93)	(93, 92)	(93, 94)	(94, 95)	(95, 68)	(68, 94)	(94, 92)	(92, 91)	(99, 115)	(123, 122)	(122, 124)	
(155, 156)	(157, 161)	(161, 165)	(178, 185)	(185, 186)	(187, 188)	(190, 194)	(194, 244)	(244, 243)	(243, 241)	(241, 242)	(238, 236)	(237, 236)	(236, 235)	(230, 231)	
(248, 245)	(245, 244)	(194, 195)	(196, 199)	(200, 202)	(202, 203)	(204, 252)	(251, 203)	(203, 204)	(204, 205)	(205, 207)	(205, 206)	(213, 215)	(215, 246)	
(38, 39)	(39, 41)	(41, 43)	(43, 44)	(44, 54)	(53, 52)	(52, 59)	(60, 64)	(64, 65)	(65, 66)	(66, 4)	(48, 49)	(49, 46)	(46, 45)	(45, 15)	(15, 14)	(13, 37)	(12, 11)	(9, 255)	
(141, 142)	(142, 143)	(144, 143)	(143, 145)	(145, 148)	(148, 149)	(145, 146)	(146, 147)	(147, 148)	(147, 135)	(136, 137)	(137, 138)	(138, 129)	(128, 127)	(126, 150)	
(174, 182)	(182, 181)	(180, 179)	(179, 184)	(187, 186)	(186, 197)	(197, 198)	(197, 195)	(195, 196)	(196, 198)	(198, 199)	(199, 200)	(200, 201)	(202, 201)	(201, 206)	(206, 213)	(213, 214)	(214, 215)	(215, 221)	
NEW BKS: 989176.0

Instance{name=egl-g2-A, vehicles=22, capacity=28000, required edges=375, OPT=1086932}
(231, 230)	(230, 235)	(235, 236)	(237, 236)	(236, 238)	(238, 239)	(239, 241)	(241, 243)	(243, 242)	(242, 192)	(192, 191)	(193, 238)	(239, 235)	(235, 240)	(249, 248)	(248, 247)	(247, 250)	(232, 233)	
(214, 213)	(213, 206)	(206, 201)	(201, 202)	(202, 203)	(203, 204)	(204, 252)	(252, 251)	(251, 203)	(201, 200)	(200, 199)	(199, 196)	(196, 195)	(244, 245)	(245, 248)	
(255, 171)	(174, 188)	(188, 189)	(189, 190)	(190, 194)	(196, 198)	(198, 197)	(197, 195)	(195, 194)	(194, 244)	(244, 243)	(243, 245)	(245, 246)	(246, 215)	(215, 221)	(221, 222)	(222, 223)	
(184, 187)	(186, 197)	(198, 199)	(200, 202)	(204, 205)	(205, 207)	(207, 212)	(254, 217)	(217, 216)	(216, 214)	
(1, 25)	(25, 24)	(24, 23)	(23, 21)	(21, 20)	(21, 26)	(26, 8)	(8, 9)	(9, 29)	(29, 28)	(28, 27)	(28, 23)	(23, 22)	(24, 22)	(22, 20)	(20, 16)	(16, 5)	(5, 1)	
(255, 150)	(150, 126)	(127, 128)	(129, 138)	(138, 137)	(137, 136)	(136, 146)	(146, 147)	(148, 147)	(147, 135)	(135, 133)	(134, 133)	(133, 132)	(131, 132)	(132, 100)	(2, 100)	(100, 96)	(96, 97)	(97, 98)	(98, 127)	(127, 126)	
(39, 42)	(42, 75)	(75, 73)	(72, 71)	(71, 70)	(69, 68)	(68, 94)	(94, 95)	(95, 3)	(3, 96)	(100, 131)	(131, 130)	(138, 139)	(140, 142)	
(125, 152)	(152, 155)	(156, 162)	(167, 166)	(166, 165)	(165, 164)	(164, 169)	(164, 161)	(161, 159)	(159, 160)	(160, 158)	(159, 158)	(158, 154)	(154, 153)	(153, 152)	(152, 151)	(151, 150)	
(150, 125)	(116, 115)	(115, 113)	(113, 114)	(104, 114)	(114, 111)	(103, 111)	(111, 102)	(102, 103)	(103, 104)	(104, 105)	(107, 108)	(106, 108)	(108, 109)	(110, 109)	(109, 107)	(107, 105)	(105, 106)	(106, 118)	(117, 121)	(122, 123)	
(6, 18)	(19, 21)	(26, 27)	(27, 29)	(29, 31)	(30, 31)	(31, 32)	(34, 35)	(35, 36)	(36, 12)	(12, 13)	(37, 13)	(13, 14)	(14, 44)	(44, 43)	(43, 41)	(41, 34)	(34, 32)	(32, 33)	(33, 11)	(11, 10)	(10, 9)	(9, 255)	(255, 7)	(7, 19)	(19, 18)	(18, 17)	(17, 16)	
(151, 153)	(154, 157)	(157, 161)	(161, 165)	(175, 177)	(177, 180)	(180, 179)	(179, 178)	(185, 178)	(178, 166)	(166, 175)	(175, 176)	(168, 163)	(163, 162)	(162, 120)	
(5, 6)	(6, 7)	(150, 141)	(141, 142)	(142, 143)	(144, 143)	(143, 145)	(145, 148)	(149, 148)	(145, 146)	(135, 136)	(137, 130)	(130, 129)	(129, 128)	(128, 139)	(139, 140)	(140, 141)	
(171, 170)	(174, 183)	(183, 179)	(179, 184)	(184, 185)	(253, 185)	(185, 186)	(186, 187)	(187, 188)	(189, 191)	(191, 193)	(193, 192)	(242, 241)	(241, 240)	(240, 249)	(249, 250)	(231, 232)	
(126, 125)	(124, 123)	(123, 116)	(116, 117)	(119, 117)	(117, 118)	(118, 119)	(119, 120)	(120, 170)	
(215, 213)	(206, 205)	(207, 208)	(208, 209)	(209, 210)	(211, 210)	(210, 212)	(212, 254)	(254, 218)	(218, 219)	(219, 220)	(219, 216)	(214, 215)	(246, 247)	
(230, 229)	(229, 250)	(247, 222)	(222, 225)	(225, 224)	(226, 224)	(224, 221)	(225, 223)	(228, 227)	(227, 223)	(223, 229)	(229, 231)	(232, 234)	(234, 233)	(233, 255)	
(255, 89)	(90, 89)	(89, 88)	(88, 86)	(87, 86)	(86, 85)	(85, 84)	(84, 83)	(83, 82)	(82, 81)	(81, 80)	(80, 78)	(78, 79)	(78, 76)	
(124, 122)	(122, 121)	(121, 155)	(155, 156)	(156, 157)	(157, 163)	(163, 167)	(167, 168)	(168, 176)	(176, 177)	(177, 181)	(180, 181)	(181, 182)	(182, 174)	(174, 170)	(171, 172)	(172, 173)	
(39, 41)	(43, 42)	(74, 62)	(61, 57)	(57, 58)	(58, 59)	(60, 51)	(51, 50)	(50, 49)	(49, 46)	(47, 46)	(48, 49)	(50, 4)	(66, 4)	(4, 48)	(48, 46)	(46, 45)	(45, 15)	(15, 14)	(12, 11)	(8, 7)	
(42, 55)	(54, 55)	(55, 53)	(53, 52)	(51, 52)	(52, 59)	(59, 60)	(60, 64)	(64, 65)	(65, 66)	(66, 67)	(64, 67)	(67, 68)	(68, 95)	(93, 92)	(92, 94)	(94, 93)	(93, 97)	
(25, 38)	(38, 39)	(39, 40)	(40, 77)	(77, 76)	(76, 75)	(75, 74)	(74, 73)	(73, 72)	(72, 81)	(80, 84)	(84, 87)	(87, 101)	(101, 102)	(101, 112)	(113, 112)	(112, 99)	(99, 115)	(124, 125)	
(10, 30)	(30, 33)	(33, 36)	(35, 37)	(37, 44)	(44, 54)	(54, 53)	(53, 56)	(58, 56)	(56, 57)	(61, 62)	(62, 63)	(63, 70)	(70, 69)	(69, 71)	(71, 82)	(83, 91)	(92, 91)	(91, 99)	(99, 98)	
NEW BKS: 1086899.0
